15282208631
15823742895
15823738760
15922922688
18782176081
18716635201
13540317527
13980225181
18782185293
18716806991
18716806991
13709018840
18228389130
18782988875
15082057268
15282770895
15883081390
18782186772
13540716926
15282774951
13540707234
18215593018
13541268148
15892681625
15282798550
13708216863
13881864899
18784186643
13541266097
18782189284
18782182258
13709068610
18716626363
18283912204
18716796091
15282781334
15823730236
18283922560
15282775062
18215524893
18782284956
13890414448
18228381970
15282778998
15082088287
18716620049
18215573069
18784566945
15282798694
13558666227
15823736885
18283241306
18228389241
18784197655
15282790553
15923373011
18784182430
13541268160
15923282620
31552359300
18280359913
13980224935
15823745588
18782286315
18784193364
18283921372
15823743158
13700993434
18725642585
18228390392
18280358495
18782176016
13981654117
18280347672
13909080862
18203095562
15823738595
15892681611
18203089327
15922936713
15892680140
13541255675
15923282449
13438260435
13408264225
18784571398
13708291187
15823797201
18282952188
18782177721
15923263510
18784197175
15922927372
15883087766
18784199131
15823740770
15108149417
15922936879
15282796774
13981662929
18283246183
13408260179
13550307759
13540710421
18203089204
13540713750
15023566136
13709026251
18283913738
15282788705
18203082542
18283912218
18283939404
18782294788
18782289889
18782283009
18202345735
13541271834
18283910959
13408507895
18782186891
13709048152
13541267737
18784193515
15923284315
18784566866
13541257626
13408505831
13541257996
15883094057
18282936331
18782288210
18282943807
13558646193
13558705505
18784573481
15923277953
13709024829
18782013185
18283245132
18203095476
13708238297
15823738552
15881232022
13558666273
18782185349
15282781198
18283916557
13909088933
15983502922
15983502922
18784571125
15282783274
18280356205
13981654591
13730759359
13540710423
13730741005
18203062040
15282798568
18282943778
15922928635
18782994887
13730748461
15883079330
15023567784
18782019125
18784197173
13880713343
18283246551
18283247567
15108159596
13709025630
13540015872
15213727003
13550998846
18784186639
13981660808
15108152325
13981658635
15923279474
15923279681
18228386416
15883079371
13700998000
13540718149
13551885365
15808096365
13540709011
18782991764
13700998113
13880717885
15282775163
18202343862
15883092502
18782014908
18283912332
13981688261
15823734394
15082087674
13708216823
15892681577
13909085968
18215593044
13709026217
15282792782
13438621297
18782178847
13551863420
18282941295
18282945920
13541267890
13438256411
13408517908
18784186822
18784195553
18716584448
18782282945
18283242950
13438256411
13408517908
18784186822
18784195553
18716584448
18782282945
18283242950
18784182575
15922927234
13540713600